$ANSIBLE_VAULT;1.1;AES256
37333364353564633139363861366137313035356239333462653061626136383135386336393061
3736366162633937353839376465623039386230366330340a636238343539326131346538666136
31613435363836633435666466366335653636663833313164333034313039356135316134346665
6164383535376362610a626364663861636134306235663939666631663032396436323265653661
32323239356234303266356635343563646265376137346337666134343564393232336234363135
65653933343638613966326661353139613262383735306665633232326165646234643363333631
65666161393639383637396365663936376636376663353033356537316166643264363238376436
64386337636434643361323738303536393934663239386566333964303264313132353534636662
34356333303961363235343934353430616435346639356533653661323139653633336138383463
31316539323438633331383564636639313664383637623132326665396266386362303730303932
38373535373738376234346536333038303039663266666437343132636139633564373938396161
32343966343161623030346436646136393462383836626334633235323536643463646139646339
65376563636130303331303036613465646138646238316535323332303534326362306239626332
34343330333435343830313264343666623231613865356132363936373439653237306332386236
36393539666236653637623664373731633539313461363463363134393663383264303131396137
33383231373234383638666164656639303039326562346334623863656333303765363333356533
64353661646435396434303633656339386662383334363163623937613539656564313637653535
61346334336662333334383633366636666632643331646365396332613861363937373265363436
39653266323537353835636532326333343161386234643966386438663333663630393438663464
35656666336162303832353731326465386231656531623565383036633438396439643662316334
32636165633363366231373933373735303464333836643464323537303630653164363530363036
66376530303436636334326661316262343336316132366635636136623731656432653439666631
38383836383434333033366464316665393431613264353635306535376233346333366639376161
36646439623830396666623065653739386639386230616137393363643531373865303937663631
33386166396430613735383630356130356266316336363731643363343535373937303638643361
61393631613432386565383266303934616563633664303239393662613937323338373030633164
37383366633533373339373161636161613731666234396534313634393837636163383036313136
34313335303561633939343138313231306337326664336664656631373566633730333032643837
30383565623834383563656165393834323231613832396164396533656433343962623131663236
37646138393637373964643331336230633635343536323439356233313535376532386637373962
31613464346661303032313439333366306662333366666165363138303763343137373830313061
33663464383430376432336230313965333163393438626130366665363337646630623561383566
34616439633332373039643937376361396132393561396137626466653962343730366339353632
30636462666236393232393831303564383534346137323162616165396636396131646161326562
34383066373230656130643132636332623539666130623330613634663363333437376530326331
61326137373033333333316437633531366664663162636264326638313636613532666264656536
64326166366565636434333536323965353634373064656430333966333764383536623537653734
32383638616338366636623866353439646136353663306335393366343239626336636331303935
61333934643738646336353861636436333861353933366439306135366165306132363137353735
39386239316637646161303735646366653463616537323238353664346438396265613462326533
64313433356230363535613662663831333133623962643431326539643664386638343166316437
31643637383836323566363336326532353131383536306266353761313963633863326362393638
37393965323364653761623861636565656638393536613866613139393838643761353035653132
62663439633831653035656564653934373366306366363039306534323434356635643136303031
30373063623561656163323365633937373362626563623364393630626136636561373639333262
30366562343262633765666138373032346434323832653963663461303633373664323336613932
38316636323036373539376366653331363839303035663863316163386337323639396164663135
39636661313864356334376432623031656430363931353334656562623537663238346132383166
61616632643066636538316330653363303739633430353731363130613238313963356231643066
62336164303463616634323066373166626539373338363565633830393231663730373533306535
30333764616533663933343939333830333866363363343033373662383763613531303566376433
36313661363336376364323432386232346239656134383630626136333635333538663831333831
30343030663636376531303738376234313665653935633739656263653732633062626665646536
35373462333634663930363534386666353263383537626230373665303139373734336137653236
36666434623238666463326464366462346530353437353438646139613238323537383365653162
37396566326139356361373739393666383364633564303865393930326133363665353134346331
32343839343238373435613837303439626632623939643961663233656139636263373534353661
61333836373463303436363665323237343630393764343636653839636631306666333461326161
33373330623938386661613763653836303362363938663338366336323838393537623133666532
31333063343130356534616464363131666165373237356665306232653130393234356331326266
38396130363531346531316264303166333063346564333937383532336265663032383731666336
63613361633039653531653236623133396234343366376566303166303333616234353461313231
38396464353265656563343230333261656164376635643862656565303664346537353236396538
64393263646262303737303838656666303962656133353739653666363464383231303135356331
33393966333739346161626330326339363538386362633538336636353133323231396261623435
66643462373038643264356531663534373563356363313232663363663433383035646432366430
37323336306464323562613963666464376531643761373962363664356335356366626661633136
36353932386632336262643835316233666430393431643832643833363261376662616565306562
65326638646537626330343032636630313839656338346535383961656331333564336630623061
30316134303165323530626437376136303434646365646138653830656634343835303331303638
32363637613261396632623461636433643331303038656163353539353232666537343464626161
34313831313465383764346666333834636637376265393832313333383337626233323133616663
64306435363162623031656563316261386533336532626339343033303863303766613163333133
30366236613966663238323134336232336434663539353164323361313736313536383137323230
38396633383731383932613466636164353438376137363463613731343935613361333438373232
64643631666335383765646433653638326265353531333430316237636136636335623635646530
38333865343862313539323232633632303631373566386363316439663333626264333066323665
62366439656435336138386130323735333639343066633234316532363638383731613932383862
38366663646438383137343263653263313631333635303533626635623635353331386462373434
30623764643662316237373964313964326266313537613839333364363839623731336139623639
34353462656636306239613435376633643862363335646333333439323231376637363265633434
62386634303330623935393634643537663430383664366233633739326530363934633936626464
37336431333563373061373863346235333337393334303336333662646137636563356566633531
32306333626261666335623863333561626336646265636431303238333436613162646430396636
31623635633431316533373635333937636637333061323839623432343839626634613731316630
61383036643266313664613532386464303966613834656438373437323532383961663962383664
63333065376432313334333634613835313137363432336164376465626665326330333462373639
31346634353030613965613764396534373463613865353765326331656166613136343264356565
36633961613464333262346262396365306439366661306431363864383963646336633634613539
34613934393338363233626631653462653761633337373835633663646665666339656231623630
38616433613332646130323931323636303761363465666536353563626433373237383564373163
36376364376532623639633732353035376236383532653361383430393237346136663962386365
35363936383335643561383762366563326364323366326564326633663962333239363363396264
65653533383934663565353766356634303262363530663933323634396336373537613064323436
35623336356530666637303835346232326137633337663365623730313138613435626437333033
31376238376161623535383537373062633264393439663630383331626136363135363966633265
65356365353966636238346538386438343238633434336230613838636634396532363738383336
3437663164646430653433386365356362333562313430373763
