$ANSIBLE_VAULT;1.1;AES256
38633864353266363565346634333735383161373137306135663234343931366439336262623839
3361633338323861643830623264656531616630333232380a376464313630643736313238613066
32316566636239356133393333303032353733633032323164653038373566353164633864376535
3566656236383164380a396266396335643566636365346331313766356263653336323930353932
33396265373764366365646534303863333161383062303432333432336534366461666432323738
65303934666433663232346535356130313539646336396264303636323133653837373634333166
38653138353233346433663639633032373035343564316465626363396535656331343135366261
63396136333132333334393331363031323366303439353836353334633937333337313330636331
36643366663733636232333736663862376239343863353563333661663432643766326461653739
65363937313931643263333839646531303264653130653836613737633436373663666530343534
37636266613934393466346336653133383434626666326230656632616365333431666432323862
34323132613465666533613438343835343664323634323633343936396533383032366537386539
32366162356131653437373764663763653664313331373730373435646266643263323334353436
62633939643631346130313466636162383666323631306631366265646438313266663339396530
66623135633966633332373738633832323935316530616433303630323661323432363834656338
38326264653930376531326334653864646265353334326539613061626234326339353761633531
66643265366535313935326232336536656566343564333335613164313735643161363062643765
32303937613762666361613638383738363462393834633434363961636131366264383331623061
33303965653166393734363038623635663865396561613535333661663963636636376432643435
35336562643462623834323865373032306463616439353932336533616566306137393436326663
37653565663062306566396231303837333336313039323466316639643566653930343866663739
34353132636361323038613631623735393739306238613866636163396439623766653639313733
63356634646662343137636336356235636665373639326261323431323235356632373861366434
65636330373430356337653132306137636339613239383934363533316335356535373330373536
37383838636139616362613363643836316266386237346662346433353639663164336232353463
30616562393331636563333361643232626436626131343136323537353364313863333335613664
62336239353433636336313136326664666139633734613932626633323631366663353063376430
38316361316330633636636432373136393439343765343332663234663732633261363366353861
66623661303266653864353161366231383062626139636135333734326637313961366661613638
33306535633930373063323961336164653032303832646166356165663230343239636236656234
33616437333230333234336632363333613230646465383966613731353230333738333131363135
32646534643737306134323538313430613762613862323663313839336637636461653435346133
63346632343538666434353364656130613462326665626535313165653731313863383036653165
35613662376233393238323333653534313266386635646364333661613965326231393037626134
36383937653730396432643339336361633661356163616332386136613464336566303966626336
35663965343862373334343939373732306435316331646165366230313865656430373964336439
62353166343532396337313131343234363634653239353939363536383333366633366366393031
64393736653435373234323638633931323461326266636534643964386161373335356334383839
33613739383138363633653736303061383061376437353162343334636130333433646634303866
33616262383133313936366565386533653366323261306665396262323934386131383335623037
62633863383936383765376430653232626539363336393434613231326263376239363365333134
63353831353066353034303534313831643434336161343737633830386561653765383263623362
66613065376130343834336165663365633239353662333034616163326232376661656161653336
32386137663433656662323036323063383337373332663438646463383632386234323865363538
33313531613061363931646166383765323930386264613263613266663237663663336537626465
65663365393465643962393533356637313765396464356436333436376439653961363030393131
65353637626338363764646138306337376562613364663730656438373832353661313062393738
61383932336564333232626233333835343433383266306165343730616335356365636663356166
35323839636238306333373134316266373863326165313363626538313236333330616634376464
37343937313533643564626335623365353962376631643462343239303932366530373264353535
35383036353430663965666565663131306666653233326238386161386336623536313935306665
38353961633061323633383731623739653266383130663162646335393132633838656638636535
37366664376633616136366663666439323230383165613564333830313136656439353861353537
62343964383930316437396333373663303135333665323435363138653237383163353835336137
39353531326366383235613262303266346164336339363238323634626365646266336438633364
33666430376532633239646165383036333065646239333635646236393265386336326535306361
33666335653366626431333039313239363931613939626533363630396135306664663331326432
32306639346364356561353136613735313436323833313465626634663434353430396633343563
63663837393131316637613638363261376664363866393537636130333030353333303833633161
33326235333861633561396465656362353738363135666262393036643234666133633933306466
61643439623136303438313062373762333835643536663963663333613961326566366430353836
35663639303361313139646665386138326130393239616566633265613339303862363962356138
32323737386631323861653664656434306466623734663435306466353465663535353932383637
62326364383766633030343335333330633738646263633564326432383835363564323763623337
32623761643464363665353230343231623738656231663961613437653462643861316339613734
63636231393531313366323933373565653766613039613336643034326330653961376430313635
61623432656239353730393132323463643131656361353734663565383837303364363164373532
65333264626138653537663039386638623936613030646535633834313632633263333365636333
65313730653434376261633061343139373565613236663164326536326632396263646631323861
30376331326337383830666331646635303463386434336230356230373830383535633962626634
62363332366263386333343332633135346564326630623462616265343739353739346330323335
31323538636263363164363961303238373834613866356135633134313431326665393637643833
34363932633561303062373239653565316336303136363062383665663435333365646336373763
38376130633563373539353437373037326339613638393135366637303366623336306365316239
37306633623763373434303664356331363230623630613839663137343031666136346438633638
37333465636666326635343463383539356136633030613036356336393631646633303337383362
62626630613162306165383633386263353137383035353561343433383331396134626662333864
65626330316139313335373263353334643130623830303430363264393738333665323035366634
35323437336631373934643030383233343863643131393737356131376162643833356133663231
34323835616136663133646135363064333437663234666336333865656631386632333466333331
34313031396538326137353434383637396439376237663830393264616465616230633136623537
31323236306465363564613766373262643930386434656633653538643337326331333538313463
35633433396633323633343733653461386633386663663261633764366638326665366361653666
39356264613263616130306265663965613162613238323762346666313531343731663139643639
32396565376265333863373435303035303233383437396238376437323863336463663034633131
33373565643038623866653333653435336165653364326330383036373261316132363831653838
33653563346664303737313163636636613735633863643735313436383239303831623530333036
64646266336137643033363032666163633538653733663939646631616165383139373335656261
35663234326133393131346638346362373763393932326533326563316237643633613965653264
66336331653832373330373738663639393233316138383265663363613235343430333438633963
31633261336662386532333935393031613363383532326262633836643830316636656335303564
65653763333238333738336437373039373530393935333361346432386337373465323433613739
64366437356334643437646433303065393066613233323862383932333838396134386665353136
66373236646532393638633334356362626338663839626564303936613037326163613538626436
34613736303039333336323534303035363762353939353363316432333964343434353865333934
37626339623633633537633236326539393462396533643036623766386631373039633266633964
3864
